instructions:[
[9,14,0]
[33,14,0,0]
[9,770,14]
[35,770,0,14]
[153,14,0,784]
[9,14,784]
[33,14,14,0]
[9,770,798]
[35,770,14,14]
[153,14,14,798]
[9,14,1568]
[33,14,28,0]
[9,770,1582]
[35,770,28,14]
[153,14,28,812]
[9,14,2352]
[33,14,42,0]
[9,770,2366]
[35,770,42,14]
[153,14,42,826]
[9,14,3136]
[33,14,0,784]
[9,42,3150]
[35,42,0,798]
[153,14,0,840]
[9,14,3192]
[33,14,0,840]
[9,770,3206]
[35,770,0,854]
[153,14,0,1624]
[9,14,3976]
[33,14,14,840]
[9,770,3990]
[35,770,14,854]
[153,14,14,1638]
[9,14,4760]
[33,14,28,840]
[9,770,4774]
[35,770,28,854]
[153,14,28,1652]
[9,14,5544]
[33,14,42,840]
[9,770,5558]
[35,770,42,854]
[153,14,42,1666]
[9,14,6328]
[33,14,0,1624]
[9,42,6342]
[35,42,0,1638]
[153,14,0,1680]
[9,14,6384]
[33,14,0,1680]
[9,770,6398]
[35,770,0,1694]
[153,14,0,2464]
[9,14,7168]
[33,14,14,1680]
[9,770,7182]
[35,770,14,1694]
[153,14,14,2478]
[9,14,7952]
[33,14,28,1680]
[9,770,7966]
[35,770,28,1694]
[153,14,28,2492]
[9,14,8736]
[33,14,42,1680]
[9,770,8750]
[35,770,42,1694]
[153,14,42,2506]
[9,14,9520]
[33,14,0,2464]
[9,42,9534]
[35,42,0,2478]
[153,14,0,2520]
[255,0,0]
]
